0 2
2 4
4 5
7 4
3 10
4 10
1 11
11 15
15 16
16 17
14 18
19 20
20 21
21 22
22 23
22 24
25 24
26 27
29 16
7 29
25 29
22 31
30 31
14 32
37 36
36 38
36 39
29 37
43 44
45 46
41 48
44 48
47 48
48 49
48 50
52 53
53 55
54 55
55 58
58 60
59 60
60 61
62 58
37 64
63 64
48 65
61 65
64 65
65 66
64 67
46 68
48 68
23 69
69 70
23 71
70 71
69 73
73 74
75 76
68 76
74 76
76 77
77 78
76 79
78 79
67 80
80 79
76 81
81 82
82 84
83 84
84 85
85 86
84 87
84 88
89 90
90 91
91 92
92 93
93 94
93 95
79 96
79 97
79 98
91 99
93 99
95 96
97 99
98 99
99 100
99 102
99 103
99 105
104 107
107 108
102 109
108 109
109 111
16 112
67 115
