175
175
500
175
175
175
500
500
500
175
175
175
175
175
175
175
175
175
175
175
500
175
175
175
175
175
175
175
175
175
500
500
500
175
175
500
175
500
175
175
140
175
175
175
175
175
175
175
175
500
500
175
175
175
175
175
175
175
175
175
175
175
175
175
175
175
175
175
175
175
175
175
175
175
175
175
175
175
175
175
175
175
175
175
175
175
175
175
175
500
175
175
500
500
500
500
500
500
500
175
175
500
175
500
175
175
500
500
175
175
175
175
175
175
175
500
175
175
175
175
175
175
500
500
175
500
500
200
200
175
175
175
500
500
175
175
500
500
500
175
500
500
175
175
175
175
175
175
175
175
175
175
200
175
175
175
175
175
175
175
175
175
500
175
175
175
175
175
175
175
175
175
175
175
175
175
175
175
500
175
175
175
500
175
175
175
