0.0999
0.0424
0.00798
0.108
0.054
0.0208
0.0305
0.0267
0.0322
0.0688
0.0682
0.0196
0.0616
0.16
0.034
0.0731
0.0707
0.2444
0.195
0.0834
0.0437
0.1801
0.0505
0.0493
0.117
0.0394
0.0849
0.097
0.159
0.0492
0.08
0.0382
0.163
0.0855
0.0943
0.0388
0.0504
0.086
0.1563
0.0331
0.1153
0.0985
0.0755
0.1244
0.247
0.0102
0.0497
0.142
0.0268
0.0094
0.0375
0.106
0.168
0.054
0.0605
0.0487
0.183
0.135
0.2454
0.1681
0.0901
0.1356
0.127
0.189
0.0625
0.323
0.323
0.186
0.0505
0.0752
0.137
0.0588
0.1635
0.122
0.289
0.291
0.0707
0.00955
0.0151
0.0966
0.134
0.0966
0.0719
0.2293
0.251
0.239
0.2158
0.145
0.15
0.0135
0.0561
0.0376
0.0386
0.02
0.0268
0.0986
0.0302
0.0919
0.0919
0.218
0.117
0.037
0.1015
0.016
0.2778
0.324
0.037
0.127
0.4115
0.0355
0.196
0.18
0.0454
0.1323
0.141
0.122
0.0406
0.148
0.101
0.1999
0.0124
0.0244
0.0485
0.105
0.0704
0.0202
0.037
0.0853
0.03665
0.132
0.148
0.0641
0.123
0.2074
0.102
0.173
0.0712
0.188
0.0997
0.0836
0.0505
0.1581
0.1272
0.0848
0.158
0.0732
0.0434
0.182
0.053
0.0869
0.0934
0.108
0.206
0.295
0.058
0.0547
0.0885
0.179
0.0813
0.1262
0.0559
0.112
0.0525
0.204
0.1584
0.1625
0.229
0.0378
0.0547
0.183
0.0703
0.183
0.0288
0.1813
0.0762
0.0755
0.064
0.0301
0.203
0.0612
0.0741
0.0104
0.00405
0.14
0.0481
0.0544
