0.09
0.26
0.15
0.46
0.57
0.21
0.20
0.56
0.20
0.43
0.45
0.36
0.22
0.07
0.10
0.09
0.15
0.20
0.22
0.20
0.25
0.36
0.38
0.09
0.17
0.38
0.25
0.31
0.37
0.70
0.44
0.11
0.33
0.25
0.16
0.36
0.98
0.64
0.13
0.06
0.85
0.27
0.17
0.21
0.23
0.01
0.22
0.15
0.21
0.20
0.52
0.33
0.28
1.00
0.21
0.16
0.14
0.21
0.18
0.13
0.29
0.23
0.26
0.16
0.27
0.51
0.42
0.30
0.21
0.25
0.12
0.04
0.16
0.15
0.15
0.72
0.22
0.11
0.14
0.08
0.09
0.13
0.13
0.15
0.20
0.26
0.25
0.12
0.25
0.27
0.27
0.23
0.56
0.48
0.26
0.30
0.23
0.22
0.39
0.74
0.33
0.26
0.14
0.20
0.31
0.29
0.34
0.29
0.14
0.24
0.21
0.19
0.40
0.54
0.53
0.40
0.30
0.19
0.17
0.46
0.43
0.43
0.76
0.93
0.50
0.69
0.57
0.57
0.60
0.52
0.42
0.10
0.16
0.22
0.04
0.29
0.48
0.44
0.40
0.67
0.28
0.16
0.59
0.25
0.34
0.77
0.22
0.77
0.40
0.33
0.56
0.97
0.29
0.21
0.18
0.27
0.27
0.11
0.16
0.29
0.22
0.20
0.20
0.33
0.14
0.32
0.40
0.27
0.01
0.43
0.57
0.07
0.07
0.14
0.06
0.44
0.14
0.31
0.17
